0.0677738189697
2
0.0315730571747
1
0.0985250473022
2
0.0499098300934
1
0.099778175354
2
0.0499250888824
1
2.17296004295
33
0.0469739437103
1
0.100090026855
2
0.0272769927979
1
0.0702688694
2
0.0304560661316
1
0.101375102997
2
0.0331149101257
1
0.0664479732513
2
0.0337529182434
1
0.0973708629608
2
0.0339391231537
1
0.0640799999237
2
0.0341849327087
1
0.101226091385
2
0.0483798980713
1
0.0841019153595
2
0.0836741924286
2
0.0796029567719
2
0.0343539714813
1
0.100047826767
2
0.0619440078735
2
0.0676350593567
2
0.031396150589
1
0.0693249702454
2
0.0302150249481
1
0.0688459873199
2
0.0681991577148
2
0.061733007431
2
0.0359411239624
1
0.0634829998016
2
0.0312778949738
1
0.0670218467712
2
0.0320560932159
1
0.0688719749451
2
0.0319499969482
1
0.065927028656
2
0.0291481018066
1
0.0706341266632
2
0.0308480262756
1
0.0688238143921
2
0.0673089027405
2
0.0632081031799
2
0.0361161231995
1
0.0626578330994
2
0.0361859798431
1
0.0625748634338
2
0.0355489253998
1
0.0636579990387
2
0.035854101181
1
0.0636730194092
2
0.0359661579132
1
0.0637230873108
2
0.0325818061829
1
0.065486907959
2
0.0331721305847
1
0.066565990448
2
0.0334570407867
1
0.0667760372162
2
0.0292370319366
1
0.0681300163269
2
0.0318849086761
1
0.0686769485474
2
0.066565990448
2
0.0640711784363
2
0.0334091186523
1
0.0658318996429
2
0.0343949794769
1
0.0649452209473
2
0.0350461006165
1
0.0624961853027
2
0.0363390445709
1
0.0641140937805
2
0.0361440181732
1
0.0635221004486
2
0.0326299667358
1
0.0666110515594
2
0.066780090332
2
0.0682570934296
2
0.0306890010834
1
0.0683169364929
2
0.0301029682159
1
0.0691878795624
2
0.064041852951
2
0.0668160915375
2
0.0306270122528
1
0.0677311420441
2
0.0305290222168
1
0.0693237781525
2
0.0639770030975
2
0.0664079189301
2
0.0307760238647
1
0.068009853363
2
0.0316050052643
1
0.0665400028229
2
0.0329101085663
1
0.0687320232391
2
0.0309541225433
1
0.0678739547729
2
0.0304181575775
1
0.0682759284973
2
0.0294060707092
1
0.0693271160126
2
0.0687589645386
2
0.0632238388062
2
0.0352530479431
1
0.0646278858185
2
0.0347671508789
1
0.0639748573303
2
0.0668938159943
2
0.0687561035156
2
0.0307841300964
1
0.0677669048309
2
0.0316700935364
1
0.0631439685822
2
0.0688650608063
2
0.0664100646973
2
0.0315041542053
1
0.0677649974823
2
0.0314679145813
1
0.0673530101776
2
0.063952922821
2
0.0674769878387
2
0.0305240154266
1
0.0687110424042
2
0.0314340591431
1
0.0678541660309
2
0.0671269893646
2
0.0624711513519
2
0.0363869667053
1
0.0638728141785
2
0.0336089134216
1
0.0645768642426
2
0.0687148571014
2
0.067302942276
2
0.031977891922
1
0.0658152103424
2
0.0321140289307
1
0.0672309398651
2
0.0633940696716
2
0.0677042007446
2
0.0313589572906
1
0.0679080486298
2
0.0291821956635
1
0.0698728561401
2
0.0645661354065
2
0.0668828487396
2
0.0309920310974
1
0.0679659843445
2
0.0305700302124
1
0.068263053894
2
0.0676341056824
2
0.0639970302582
2
0.0355498790741
1
0.0637221336365
2
0.035679101944
1
0.0626261234283
2
0.0691571235657
2
0.0658390522003
2
0.03116106987
1
0.0685210227966
2
0.0290770530701
1
0.0696170330048
2
0.0646150112152
2
0.0683348178864
2
0.028678894043
1
0.0701999664307
2
0.0302159786224
1
0.0683770179749
2
0.0628650188446
2
0.0683479309082
2
0.0303251743317
1
0.0685489177704
2
0.0315318107605
1
0.0675339698792
2
0.068510055542
2
0.062796831131
2
0.0343239307404
1
0.0644960403442
2
0.0344130992889
1
0.0641739368439
2
0.0687508583069
2
0.0667848587036
2
0.0312170982361
1
0.0678749084473
2
0.0316948890686
1
0.0668740272522
2
0.0642387866974
2
0.0667572021484
2
0.0310809612274
1
0.0693249702454
2
0.0300109386444
1
0.068382024765
2
0.063894033432
2
0.0670988559723
2
0.0308678150177
1
0.0687391757965
2
0.0302939414978
1
0.0689549446106
2
0.0658309459686
2
0.0651979446411
2
0.0344429016113
1
0.0654010772705
2
0.0322151184082
1
0.0655469894409
2
0.0681161880493
2
0.0685019493103
2
0.029983997345
1
0.0681800842285
2
0.0313720703125
1
0.0684139728546
2
0.0640690326691
2
0.0676670074463
2
0.0296700000763
1
0.0687980651855
2
0.030247926712
1
0.0679230690002
2
0.0692059993744
2
0.0627501010895
2
0.035049200058
1
0.0642590522766
2
0.0313291549683
1
0.0644111633301
2
0.0332140922546
1
0.0690920352936
2
0.0297150611877
1
0.0682349205017
2
0.0318050384521
1
0.0679378509521
2
0.0310990810394
1
0.0687458515167
2
0.0672719478607
2
0.063148021698
2
0.0367379188538
1
0.0631098747253
2
0.0343089103699
1
0.0648219585419
2
0.0663690567017
2
0.0687918663025
2
0.0299308300018
1
0.0687940120697
2
0.0311269760132
1
0.0676970481873
2
0.0635550022125
2
0.0668611526489
2
0.0314960479736
1
0.067214012146
2
0.0328269004822
1
0.0683381557465
2
0.0629789829254
2
0.0672941207886
2
0.0309588909149
1
0.0689749717712
2
0.0282020568848
1
0.0700149536133
2
0.0667631626129
2
0.0649650096893
2
0.0351259708405
1
0.0636219978333
2
0.0348029136658
1
0.0637450218201
2
0.0674130916595
2
0.0681240558624
2
0.0307021141052
1
0.0673840045929
2
0.0312101840973
1
0.0688829421997
2
0.0634808540344
2
0.0683188438416
2
0.0291509628296
1
0.0696811676025
2
0.0307238101959
1
0.0674068927765
2
0.0637369155884
2
0.0688371658325
2
0.599416971207
18
0.0673639774323
2
0.0291209220886
1
0.0713760852814
2
0.0613980293274
2
0.0676298141479
2
0.0318839550018
1
0.100414037704
2
0.0509359836578
1
0.080295085907
2
0.0833330154419
2
0.0837159156799
2
0.0827379226685
2
0.0802459716797
2
0.0820398330688
2
0.0846431255341
2
0.0828549861908
2
0.0831689834595
2
0.0800199508667
2
0.0828940868378
2
0.0848138332367
2
0.0817749500275
2
0.0815699100494
2
0.0834991931915
2
0.0824429988861
2
0.0847849845886
2
0.0827391147614
2
0.078978061676
2
0.0840058326721
2
0.0819571018219
2
0.0855801105499
2
0.0792880058289
2
0.0831589698792
2
0.0841789245605
2
0.082494020462
2
0.0823481082916
2
0.0800549983978
2
0.08367395401
2
0.0823249816895
2
0.0847508907318
2
0.0793850421906
2
0.0837759971619
2
0.0819749832153
2
0.0850541591644
2
0.0793769359589
2
0.0826318264008
2
0.0844547748566
2
0.083722114563
2
0.0833418369293
2
0.0795447826385
2
0.082818031311
2
0.0843110084534
2
0.0834360122681
2
0.079176902771
2
0.0839710235596
2
0.0835320949554
2
0.0827009677887
2
0.0835521221161
2
0.0800428390503
2
0.0835480690002
2
0.0825099945068
2
0.0824289321899
2
0.0809140205383
2
0.0841860771179
2
0.0827708244324
2
0.0842170715332
2
0.08367395401
2
0.0788700580597
2
0.0835599899292
2
0.0831499099731
2
0.0839478969574
2
0.0789589881897
2
0.0841031074524
2
0.0830969810486
2
0.0827190876007
2
0.0802841186523
2
0.083664894104
2
0.0834310054779
2
0.0832870006561
2
0.0840790271759
2
0.078467130661
2
0.0843379497528
2
0.0833530426025
2
0.0836548805237
2
0.0786621570587
2
0.084547996521
2
0.0834259986877
2
0.0837190151215
2
0.0823400020599
2
0.0799849033356
2
0.0834319591522
2
0.0835468769073
2
0.0833859443665
2
0.0781509876251
2
0.0850110054016
2
0.0838057994843
2
0.0825431346893
2
0.0837759971619
2
0.0792479515076
2
0.084342956543
2
0.0826778411865
2
0.0843870639801
2
0.0789279937744
2
0.0832450389862
2
0.0839869976044
2
0.0842730998993
2
0.0788431167603
2
0.0842978954315
2
0.0831880569458
2
0.0837879180908
2
0.0831050872803
2
0.079717874527
2
0.0825958251953
2
0.084401845932
2
0.0834698677063
2
0.0786161422729
2
0.0845708847046
2
0.082957983017
2
0.0842888355255
2
0.0830178260803
2
0.0792908668518
2
0.0844709873199
2
0.0834038257599
2
0.0838649272919
2
0.0780639648438
2
0.0848751068115
2
0.0822122097015
2
0.0830500125885
2
0.0843479633331
2
0.0807011127472
2
0.0817968845367
2
0.0850310325623
2
0.0832540988922
2
0.0785789489746
2
0.0846979618073
2
0.0829169750214
2
0.0834150314331
2
0.0774428844452
2
0.0863862037659
2
0.0829288959503
2
0.084125995636
2
0.0830018520355
2
0.0798990726471
2
0.0838060379028
2
0.0828590393066
2
0.0841212272644
2
0.0793831348419
2
0.0828490257263
2
0.0836379528046
2
0.0829629898071
2
0.0847229957581
2
0.079619884491
2
0.0826740264893
2
0.0843698978424
2
0.0826599597931
2
0.0806360244751
2
0.0829858779907
2
0.0836918354034
2
0.0833768844604
2
0.0796329975128
2
0.0833418369293
2
0.0836391448975
2
0.0822730064392
2
0.084547996521
2
0.0794439315796
2
0.0837640762329
2
0.083459854126
2
0.0838160514832
2
0.0793368816376
2
0.0836720466614
2
0.0833239555359
2
0.0836880207062
2
0.0833730697632
2
0.0796060562134
2
0.0823609828949
2
0.0848391056061
2
0.0837209224701
2
0.0792100429535
2
0.0835449695587
2
0.0830101966858
2
0.0840239524841
2
0.0834381580353
2
0.0793719291687
2
0.0838069915771
2
0.0833640098572
2
0.0823440551758
2
0.0808579921722
2
0.0836350917816
2
0.0835089683533
2
0.0822110176086
2
0.0802481174469
2
0.0836350917816
2
0.0833599567413
2
0.0837290287018
2
0.0833389759064
2
0.0796089172363
2
0.0833079814911
2
0.0839431285858
2
0.0830090045929
2
0.0796880722046
2
0.0826179981232
2
0.0837860107422
2
0.0840170383453
2
0.0836350917816
2
0.0793750286102
2
0.0836501121521
2
0.0822429656982
2
0.0847809314728
2
0.0787010192871
2
0.0835769176483
2
0.0347099304199
1
0.0968768596649
2
2.71544599533
25
2.38775110245
24
1.9835190773
20
0.595541000366
6
0.695592164993
7
0.299554109573
3
